1415
48 19
1213 42
1134 30
575 23
578 45
628 55
765 43
657 17
1194 37
1325 18
419 42
1056 41
113 47
182 32
352 19
1046 23
1374 25
703 34
71 50
7 18
1028 44
31 47
361 37
522 49
60 38
1139 48
696 39
723 56
193 29
638 59
1340 43
1144 40
831 39
881 24
665 37
1245 59
785 29
251 20
343 16
430 42
137 55
1075 55
865 31
840 42
145 23
80 42
118 59
373 30
390 37
1257 39
1310 26
1001 16
1212 17
1175 55
273 53
1109 31
742 60
493 56
957 60
778 41
236 21
801 32
966 19
262 40
789 45
802 33
321 36
128 51
214 38
192 39
841 19
990 23
798 20
697 46
1191 47
24 30
758 23
813 52
699 32
1332 53
177 60
549 20
548 24
298 36
338 38
892 44
1233 39
1102 39
1222 20
964 54
521 20
219 24
1174 60
391 37
125 56
711 16
898 34
1143 16
394 40
231 19
374 46
544 26
1237 36
788 56
4 31
1349 27
816 26
237 44
1131 54
581 24
1254 30
1195 54
1281 53
57 56
1326 54
157 20
1002 29
1142 54
490 18
353 44
1229 52
65 27
1397 36
133 31
1015 48
284 49
1249 25
46 50
1356 52
334 50
69 56
85 18
774 38
1012 41
565 60
1007 47
901 57
1032 43
771 52
181 47
417 17
662 46
599 22
1207 49
1052 23
61 23
345 50
921 24
933 37
355 17
84 47
1100 32
1020 26
603 25
965 48
1327 57
39 40
586 32
1065 19
1177 36
433 44
232 25
146 58
512 47
836 37
1043 19
384 40
389 28
509 53
429 19
1044 50
1339 26
1181 26
1314 36
943 49
1338 49
1047 53
630 25
908 48
984 24
1247 52
432 42
622 58
366 35
346 19
1221 36
1323 37
421 47
151 15
436 29
312 15
468 55
380 51
499 37
1019 52
238 27
646 25
773 24
1215 22
853 47
1295 32
752 51
1049 49
860 27
123 18
1039 36
319 20
917 25
425 53
78 20
1307 46
280 22
682 19
1201 56
2 27
844 18
879 20
1150 39
3 59
1187 48
1151 49
593 21
661 25
600 42
971 55
364 25
818 22
79 17
751 17
1305 39
689 46
150 38
12 25
168 54
198 15
371 58
542 57
399 15
282 50
852 28
716 21
395 30
1287 35
1375 37
525 40
726 47
1111 21
1182 51
1189 43
899 29
510 47
1118 60
33 34
1165 29
609 45
1370 42
710 37
528 43
1417 18
424 34
492 47
637 41
275 28
456 43
1033 15
620 27
935 17
985 56
582 18
986 24
42 25
948 16
779 30
1080 26
229 30
1071 17
274 32
138 47
1343 23
833 59
1283 35
1055 21
687 45
954 31
1381 53
68 41
396 49
106 19
1225 46
1355 21
1317 37
974 44
931 53
1123 56
265 57
982 56
538 51
445 49
926 22
1122 26
111 18
993 26
1313 53
496 49
1365 29
164 21
1005 38
1158 58
843 45
1008 52
589 49
1415 17
99 30
498 45
365 33
120 52
320 37
995 34
1413 24
1252 43
1072 55
997 56
1312 56
1392 27
463 32
489 49
810 50
303 44
55 60
344 18
403 33
268 36
317 43
1010 52
832 56
428 51
580 29
872 15
329 15
427 58
207 37
777 60
947 49
1337 47
1367 26
959 49
769 42
28 27
75 20
669 59
341 55
588 52
379 47
1241 55
1329 41
604 59
423 47
486 26
1016 18
1265 54
1128 32
590 27
354 28
1409 28
673 46
122 47
905 42
56 48
174 21
372 46
226 42
187 26
1030 44
91 18
52 40
792 56
301 41
1059 46
200 30
606 50
631 28
1014 59
97 45
203 57
942 51
220 41
375 41
243 29
1112 57
570 37
92 54
929 26
1041 35
1290 52
930 45
1011 29
927 17
554 44
830 32
357 19
629 25
477 56
635 30
611 26
5 47
677 56
859 30
968 22
322 46
299 58
72 48
904 15
989 42
201 17
453 57
1203 49
533 43
472 17
161 25
547 42
1410 15
516 55
1333 53
857 46
261 47
1160 44
1226 22
517 55
332 16
1341 29
1243 46
286 31
388 37
121 52
95 17
556 45
735 56
552 53
776 59
884 41
795 49
1094 23
660 20
717 50
318 40
1408 32
1390 25
1371 44
487 58
1162 60
186 22
296 21
1284 38
1105 17
1354 25
35 16
579 58
1006 22
252 18
444 51
1116 60
1250 15
567 22
480 32
257 38
1232 50
955 40
410 60
822 20
614 39
712 52
449 32
1027 26
153 28
442 52
634 30
279 55
910 43
705 52
315 18
903 29
894 19
325 38
264 50
1402 33
156 54
594 58
718 29
233 49
755 46
336 52
1366 28
485 46
738 35
1029 19
883 32
460 39
13 37
70 22
158 43
568 59
975 16
115 23
83 40
1291 40
173 48
1117 16
448 49
566 30
649 53
1311 60
281 44
587 48
1096 50
184 17
546 51
676 32
796 41
855 59
1301 39
936 38
1132 21
267 48
1021 18
495 17
471 28
204 57
1347 46
1024 38
572 23
939 23
283 59
1185 59
733 24
1157 40
16 21
1268 31
369 21
970 60
1231 54
185 24
526 17
1377 41
1227 37
767 38
535 52
404 16
1342 50
750 30
988 21
385 48
392 28
1352 50
413 21
1244 18
310 31
764 40
457 19
1176 41
1316 23
1350 46
21 58
307 42
1351 25
888 39
950 57
437 19
555 55
775 51
839 49
1362 37
1271 35
1373 15
1269 48
553 35
864 16
1136 41
915 24
1223 54
621 26
1168 41
160 60
946 48
1067 59
819 60
328 20
885 48
439 25
240 18
1239 37
1 56
291 51
848 52
560 40
302 23
244 38
1359 32
1068 54
1058 38
1315 57
438 48
761 37
799 52
625 23
1278 48
523 27
1107 52
1361 57
1166 52
235 34
1404 28
1328 30
1248 20
1379 48
1263 15
1285 19
700 27
1385 45
1104 50
189 33
1099 29
1357 26
1296 37
740 52
725 44
1297 22
215 40
1074 45
293 25
994 31
131 59
663 39
20 50
882 26
300 59
724 19
737 33
41 18
183 21
856 52
571 56
149 49
381 60
1262 43
49 39
272 16
367 19
59 58
1192 19
278 36
694 32
163 39
573 32
287 59
1204 54
976 30
1035 20
271 58
759 59
324 18
1167 21
1038 28
907 53
483 30
583 25
1274 33
537 27
225 49
1236 41
992 37
650 50
44 59
1318 35
920 47
333 34
38 50
327 29
216 41
766 49
1126 58
862 50
1198 15
77 48
592 33
110 40
270 17
1264 27
835 35
574 37
434 34
601 40
140 23
1238 17
786 59
854 45
825 37
978 22
1335 26
331 31
141 43
1399 24
691 52
846 43
963 33
1127 25
692 27
967 19
1148 23
289 45
803 43
919 47
1159 41
254 48
1405 30
1199 28
1398 34
412 15
8 20
1078 30
513 49
314 17
1205 53
653 39
1276 57
1119 55
851 51
530 46
1133 19
981 33
1209 34
406 44
1400 25
640 28
1108 53
739 30
1210 22
563 35
746 51
1140 53
64 50
11 25
88 34
217 16
1270 47
86 30
30 20
230 28
541 57
559 24
393 26
1129 53
608 42
790 30
1258 42
1414 16
323 59
1036 18
659 59
596 45
770 26
529 49
43 32
1353 43
247 23
1234 33
951 21
1384 17
398 43
807 55
952 32
679 21
154 49
135 33
1394 16
383 15
558 17
339 23
1228 17
1319 41
202 34
1251 19
464 21
465 18
1322 59
685 49
1137 40
747 31
914 53
447 56
1411 22
826 24
849 52
768 32
707 57
1382 52
713 26
998 51
1037 26
722 15
440 36
519 32
876 32
17 52
668 32
1017 60
897 30
861 56
643 50
651 60
633 17
23 58
585 34
727 40
1186 22
1280 41
73 53
400 60
108 24
812 46
455 20
652 38
1164 60
873 21
736 30
1153 55
891 27
1018 17
1188 31
1103 37
159 57
87 45
842 48
834 15
1193 40
1013 25
101 24
66 28
129 36
672 37
906 26
940 54
670 16
787 20
47 20
255 38
520 40
1286 42
980 33
708 35
602 23
666 34
1031 37
847 24
481 31
1124 34
1206 57
1146 19
462 20
902 56
93 46
166 16
288 22
869 45
557 34
850 49
347 19
656 30
269 34
996 34
409 46
961 29
443 41
688 51
1211 28
25 20
823 15
167 38
503 37
112 39
363 40
1330 23
1060 30
569 17
1393 45
1125 25
681 54
804 30
441 37
494 28
636 51
781 27
1294 52
1064 35
612 35
1077 57
782 20
127 53
1045 31
467 52
1403 35
505 15
0 15
259 33
922 20
124 20
749 27
196 24
260 39
1101 37
397 59
1208 54
1062 50
102 53
960 31
1218 32
605 37
94 56
577 24
405 58
734 40
610 25
524 60
1380 58
15 15
461 43
1420 17
1196 45
1085 45
378 47
1279 21
1079 49
811 39
1219 32
624 46
720 40
806 42
1004 30
1026 54
420 29
234 58
655 34
418 21
564 29
249 33
81 38
408 57
1090 48
402 26
923 23
730 35
944 34
543 29
924 15
54 32
476 59
469 38
683 15
615 37
165 25
1266 40
297 56
728 31
1299 21
1138 38
1200 60
358 29
213 39
32 22
1083 49
422 19
335 28
306 26
540 60
466 41
1272 46
900 50
800 45
794 24
871 52
266 35
169 47
58 48
1161 47
783 40
1387 47
814 36
953 53
1298 31
277 19
370 51
1303 16
880 24
821 46
741 45
820 41
144 38
1336 30
1003 47
934 28
1293 23
1345 56
754 51
1156 59
508 54
62 37
295 29
1048 42
497 60
337 40
53 39
644 57
991 41
539 53
116 56
330 43
1178 48
1395 27
227 35
194 34
248 42
1261 37
1202 27
815 36
617 31
162 15
484 41
760 41
1098 53
809 25
104 31
1121 30
1334 52
502 47
1163 16
208 48
889 44
1084 38
732 50
595 34
1009 48
221 34
545 49
103 42
731 45
195 37
239 23
109 15
515 27
671 16
1383 34
762 31
1070 41
147 41
1088 17
1023 18
178 19
451 44
356 49
376 50
245 23
1091 38
793 15
756 16
1093 37
362 55
1306 17
134 48
1363 23
972 23
1282 25
744 47
89 49
1063 47
532 52
359 30
686 58
1396 23
9 52
838 53
678 53
1331 18
377 44
999 44
228 41
719 53
958 30
1034 41
909 50
304 34
613 32
1152 59
518 25
1344 23
431 35
607 43
949 53
148 28
67 46
1022 53
784 27
684 23
263 27
1147 42
130 27
1086 37
340 54
827 38
250 45
1113 34
987 45
450 40
311 56
426 33
1369 50
698 55
1141 15
791 44
1149 25
941 47
246 52
1346 15
222 42
805 37
386 29
459 25
616 43
639 20
918 27
210 51
867 32
22 34
680 34
119 23
1057 56
105 26
309 27
256 36
470 23
808 60
40 18
276 60
188 36
1309 49
458 33
1412 27
290 27
979 36
911 19
308 30
1389 30
479 42
817 51
387 20
170 28
1110 40
618 27
1324 48
1230 34
743 28
199 30
1172 16
504 54
1302 31
642 49
693 44
414 35
506 58
36 27
205 56
51 42
1135 40
858 38
305 21
715 59
96 29
1406 16
313 37
1217 40
928 16
176 16
1308 55
641 55
877 56
1300 38
351 41
76 47
550 55
1050 46
223 17
514 40
1321 31
285 54
896 60
45 49
136 39
913 37
753 17
14 44
1260 40
1092 39
912 30
845 16
824 32
772 32
887 23
10 52
63 44
143 50
1145 55
475 37
139 60
478 21
242 23
1368 31
488 55
1089 38
316 56
37 18
576 30
763 46
714 60
142 39
562 19
866 26
829 21
916 56
454 45
1386 17
962 26
1180 15
241 42
1364 25
1348 60
701 46
627 52
647 16
527 51
1289 45
597 30
474 57
675 19
886 55
658 30
172 55
446 26
874 49
416 34
19 59
1224 44
190 21
632 26
1040 54
664 16
1053 52
501 38
868 38
1042 33
674 43
132 21
1292 51
1190 15
1378 40
212 38
690 38
1000 36
1170 57
1069 18
114 38
407 39
977 25
937 25
531 18
1025 57
1253 23
211 28
326 58
209 26
34 53
107 36
1073 59
1171 42
350 54
551 47
536 29
360 28
702 31
292 16
348 37
1097 51
117 47
1242 40
1376 29
534 58
415 20
74 59
500 40
155 52
1360 39
1081 49
1358 39
1066 38
1267 20
1388 41
667 31
90 35
932 48
1076 34
1255 17
1320 43
1214 53
1184 52
1216 27
180 39
969 52
706 36
1115 35
729 40
258 40
938 52
863 18
50 42
1179 26
435 32
473 38
780 40
452 43
1240 22
890 15
491 25
1183 45
695 15
837 31
1120 18
1095 46
797 21
294 44
218 46
648 23
623 41
893 16
870 16
1114 48
382 19
482 21
401 24
1154 54
1401 39
1277 32
1275 43
342 32
27 43
1106 41
349 56
1051 54
191 47
368 27
1061 40
1235 30
253 49
1372 50
1391 16
1197 37
18 31
1256 59
721 41
179 44
206 56
1273 42
757 26
224 24
645 37
619 38
973 60
875 28
878 45
26 43
6 18
507 47
29 29
171 59
1220 29
709 44
1288 27
745 40
98 53
1407 23
511 27
1304 23
704 42
654 56
1082 27
956 54
411 28
152 37
748 49
591 22
126 53
1246 36
82 57
561 29
1169 31
828 19
1130 34
1259 52
626 29
1173 40
100 50
197 32
1087 44
895 47
598 52
983 50
175 35
584 57
925 35
